74
6
15
32
59
292
480
346
47
81
421
139
71
463
32
275
158
13
315
411
471
402
492
350
242
173
346
113
386
129
429
495
124
490
128
201
298
352
65
106
483
172
106
100
470
315
166
337
47
74
127
70
241
285
58
98
70
410
249
130
286
203
261
415
407
469
287
93
314
265
179
468
340
372
437
396
260
106
92
73
25
437
379
266
407
316
445
462
33
394
495
10
235
75
478
149
255
471
3
60
199
326
82
474
222
443
358
227
130
52
373
99
491
429
235
204
248
8
10
171
330
378
188
445
388
424
418
209
253
216
206
174
251
259
96
289
